         Depot1   Depot2   Depot3   Depot4        A        B        C        D        E
Depot1        0       40       31       45       48       33       46       11       30
Depot2       40        0       32       32       22       35       10       51       12
Depot3       31       32        0       15       24        4       41       36       23
Depot4       45       32       15        0       15       16       42       51       29
A            48       22       24       15        0       26       30       56       24
B            33       35        4       16       26        0       45       37       27
C            46       10       41       42       30       45        0       57       20
D            11       51       36       51       56       37       57        0       40
E            30       12       23       29       24       27       20       40        0