         Depot1   Depot2   Depot3   Depot4        A        B        C        D
Depot1        0       17       24       52       32       40       44       15
Depot2       17        0       36       50       45       43       56       30
Depot3       24       36        0       42       40       26       21       11
Depot4       52       50       42        0       79       17       44       50
A            32       45       40       79        0       64       55       30
B            40       43       26       17       64        0       28       35
C            44       56       21       44       55       28        0       31
D            15       30       11       50       30       35       31        0