         Depot1   Depot2   Depot3   Depot4        A        B        C        D
Depot1        0       13       23       34       59       41       44       33
Depot2       13        0       22       29       59       30       38       29
Depot3       23       22        0       13       38       29       23       10
Depot4       34       29       13        0       34       20       10        7
A            59       59       38       34        0       50       31       30
B            41       30       29       20       50        0       20       26
C            44       38       23       10       31       20        0       14
D            33       29       10        7       30       26       14        0