         Depot1   Depot2   Depot3   Depot4        A        B        C        D        E
Depot1        0       20       26       39       17       25       45       31       26
Depot2       20        0       14       30       24        5       29       32       17
Depot3       26       14        0       17       18       13       20       21       30
Depot4       39       30       17        0       26       28       18       18       46
A            17       24       18       26        0       26       37       14       37
B            25        5       13       28       26        0       24       33       19
C            45       29       20       18       37       24        0       34       42
D            31       32       21       18       14       33       34        0       48
E            26       17       30       46       37       19       42       48        0