         Depot1   Depot2   Depot3   Depot4        A        B        C        D        E
Depot1        0       40       38       27       46       50       24        4       25
Depot2       40        0       19       35       15       26       24       36       36
Depot3       38       19        0       45       33       13       33       34       46
Depot4       27       35       45        0       32       57       12       26        3
A            46       15       33       32        0       40       24       43       34
B            50       26       13       57       40        0       45       46       57
C            24       24       33       12       24       45        0       22       13
D             4       36       34       26       43       46       22        0       25
E            25       36       46        3       34       57       13       25        0