         Depot1   Depot2   Depot3   Depot4        A        B        C        D        E
Depot1        0       38       20       15       40       35       53       20       33
Depot2       38        0       19       33       29       28       18       23       13
Depot3       20       19        0       20       33       22       35       13       14
Depot4       15       33       20        0       27       41       44       11       33
A            40       29       33       27        0       52       28       22       38
B            35       28       22       41       52        0       44       35       16
C            53       18       35       44       28       44        0       34       29
D            20       23       13       11       22       35       34        0       24
E            33       13       14       33       38       16       29       24        0