         Depot1   Depot2   Depot3   Depot4        A        B        C        D        E
Depot1        0       56       32       31       48       46       27       43       31
Depot2       56        0       31       56       38       15       29       20       37
Depot3       32       31        0       26       20       17       19       30        6
Depot4       31       56       26        0       29       42       39       54       20
A            48       38       20       29        0       24       38       46       18
B            46       15       17       42       24        0       23       23       22
C            27       29       19       39       38       23        0       17       24
D            43       20       30       54       46       23       17        0       36
E            31       37        6       20       18       22       24       36        0