         Depot1   Depot2   Depot3   Depot4        A        B        C        D        E
Depot1        0       21       52       39       12       68       32       10       21
Depot2       21        0       42       22       13       56       44       27        8
Depot3       52       42        0       24       52       16       47       62       36
Depot4       39       22       24        0       34       36       49       47       19
A            12       13       52       34        0       67       42       15       17
B            68       56       16       36       67        0       60       77       50
C            32       44       47       49       42       60        0       39       38
D            10       27       62       47       15       77       39        0       28
E            21        8       36       19       17       50       38       28        0