         Depot1   Depot2   Depot3   Depot4        A        B        C        D
Depot1        0       58       33       21       44       49       15       46
Depot2       58        0       33       46       19       49       54       13
Depot3       33       33        0       34       15       24       24       26
Depot4       21       46       34        0       39       57       31       34
A            44       19       15       39        0       32       38       15
B            49       49       24       57       32        0       36       46
C            15       54       24       31       38       36        0       45
D            46       13       26       34       15       46       45        0