         Depot1   Depot2   Depot3   Depot4        A        B        C        D        E
Depot1        0       33       46       19       49       54       13       16       32
Depot2       33        0       34       15       24       24       26       25       19
Depot3       46       34        0       39       57       31       34       50       18
Depot4       19       15       39        0       32       38       15       12       22
A            49       24       57       32        0       36       46       34       42
B            54       24       31       38       36        0       45       49       27
C            13       26       34       15       46       45        0       21       20
D            16       25       50       12       34       49       21        0       33
E            32       19       18       22       42       27       20       33        0