         Depot1   Depot2   Depot3   Depot4        A        B        C        D        E
Depot1        0       38       34       50       21       10       42       18       55
Depot2       38        0       46       14       19       31       51       37       38
Depot3       34       46        0       60       32       28        8       17       35
Depot4       50       14       60        0       32       44       65       51       46
A            21       19       32       32        0       13       38       19       39
B            10       31       28       44       13        0       36       12       46
C            42       51        8       65       38       36        0       24       34
D            18       37       17       51       19       12       24        0       41
E            55       38       35       46       39       46       34       41        0