         Depot1   Depot2   Depot3   Depot4        A        B        C        D        E
Depot1        0       25       21       20       32       29        6       18       30
Depot2       25        0       39       44        8       27       29       41       25
Depot3       21       39        0       14       44       50       24       12       29
Depot4       20       44       14        0       50       46       19        3       40
A            32        8       44       50        0       34       36       48       24
B            29       27       50       46       34        0       28       45       49
C             6       29       24       19       36       28        0       18       35
D            18       41       12        3       48       45       18        0       37
E            30       25       29       40       24       49       35       37        0