         Depot1   Depot2   Depot3   Depot4        A        B        C        D        E
Depot1        0       41       51       59       57       38       51       45       40
Depot2       41        0       29       42       17       12       14        7       22
Depot3       51       29        0       14       35       19       21       35       50
Depot4       59       42       14        0       48       32       35       48       63
A            57       17       35       48        0       25       14       13       29
B            38       12       19       32       25        0       14       18       32
C            51       14       21       35       14       14        0       17       34
D            45        7       35       48       13       18       17        0       19
E            40       22       50       63       29       32       34       19        0